1 0.0771484375 0.474609375 0.0556640625 0.142578125
1 0.125 0.5048828125 0.0595703125 0.1533203125
1 0.0673828125 0.234375 0.05078125 0.1240234375
1 0.41015625 0.232421875 0.05078125 0.111328125
1 0.3046875 0.2841796875 0.0673828125 0.1220703125
1 0.2802734375 0.2109375 0.0615234375 0.103515625
1 0.2431640625 0.115234375 0.064453125 0.1103515625
1 0.7529296875 0.0927734375 0.0615234375 0.138671875
1 0.576171875 0.23828125 0.05859375 0.1025390625
1 0.662109375 0.2958984375 0.064453125 0.1240234375
1 0.896484375 0.8056640625 0.06640625 0.197265625
1 0.9306640625 0.625 0.04296875 0.11328125
1 0.3857421875 0.935546875 0.05859375 0.12890625
0 0.1015625 0.81712962890625 0.10703125 0.82407407421875 0.1046875 0.84212962890625 0.110677083984375 0.842592591796875 0.114322916015625 0.84907407421875 0.111197916015625 0.868981482421875 0.112760416015625 0.8768518515625 0.116145833984375 0.873611111328125 0.1234375 0.84537037109375 0.13046875 0.839814814453125 0.136197916015625 0.844907408203125 0.144010416015625 0.859259259765625 0.147395833984375 0.862037037109375 0.149479166015625 0.859259259765625 0.145572916015625 0.772685185546875 0.14765625 0.75277777734375 0.146614583984375 0.748611111328125 0.142708333984375 0.747685185546875 0.13984375 0.75092592578125 0.137239583984375 0.77037037109375 0.127604166015625 0.7768518515625 0.1125 0.7805555546875 0.106770833984375 0.78472222265625 0.102083333984375 0.778240740234375 0.097916666015625 0.76712962890625 0.09453125 0.765740740234375 0.091666666015625 0.767592591796875 0.091145833984375 0.7731481484375 0.095052083984375 0.7875 0.097135416015625 0.806018517578125 0.1015625 0.81712962890625
0 0.028385416015625 0.8768518515625 0.030208333984375 0.888888888671875 0.02578125 0.89722222265625 0.02578125 0.9018518515625 0.030989583984375 0.903703703125 0.035677083984375 0.900462962890625 0.0421875 0.908333333984375 0.043229166015625 0.931018517578125 0.046614583984375 0.928703703125 0.048958333984375 0.90277777734375 0.052083333984375 0.893981482421875 0.055989583984375 0.89212962890625 0.060677083984375 0.8930555546875 0.065885416015625 0.898611111328125 0.070833333984375 0.907407408203125 0.075260416015625 0.9069444453125 0.077083333984375 0.90462962890625 0.076302083984375 0.89722222265625 0.072916666015625 0.890740740234375 0.067447916015625 0.883796296875 0.059895833984375 0.881481482421875 0.05859375 0.8768518515625 0.06796875 0.85277777734375 0.067708333984375 0.8305555546875 0.0703125 0.8180555546875 0.0703125 0.805092591796875 0.071875 0.796759259765625 0.07109375 0.7930555546875 0.067708333984375 0.792592591796875 0.062760416015625 0.79722222265625 0.047135416015625 0.787962962890625 0.04375 0.7893518515625 0.043229166015625 0.796296296875 0.026822916015625 0.835185185546875 0.022135416015625 0.837962962890625 0.020572916015625 0.841666666015625 0.019791666015625 0.852314814453125 0.014583333984375 0.8643518515625 0.014322916015625 0.868518517578125 0.028385416015625 0.8768518515625
0 0.206510416015625 0.953240740234375 0.231770833984375 0.908333333984375 0.238802083984375 0.89027777734375 0.238020833984375 0.87962962890625 0.236197916015625 0.874537037109375 0.2328125 0.873611111328125 0.22421875 0.876388888671875 0.216927083984375 0.869907408203125 0.223697916015625 0.848611111328125 0.220833333984375 0.84212962890625 0.202864583984375 0.8518518515625 0.194010416015625 0.859259259765625 0.185416666015625 0.8518518515625 0.182552083984375 0.855092591796875 0.180989583984375 0.86342592578125 0.180729166015625 0.8731481484375 0.18203125 0.87962962890625 0.203125 0.953703703125 0.206510416015625 0.953240740234375
0 0.191927083984375 0.960185185546875 0.1828125 0.953703703125 0.181510416015625 0.945833333984375 0.182291666015625 0.93657407421875 0.181510416015625 0.932407408203125 0.164583333984375 0.932407408203125 0.154947916015625 0.9375 0.156510416015625 0.953703703125 0.143229166015625 0.97407407421875 0.140104166015625 0.98472222265625 0.137760416015625 0.999537037109375 0.183072916015625 0.999537037109375 0.196614583984375 0.969907408203125 0.191927083984375 0.960185185546875
0 0.70625 0.956018517578125 0.708072916015625 0.945833333984375 0.706770833984375 0.938888888671875 0.713541666015625 0.9125 0.7125 0.90277777734375 0.715364583984375 0.88657407421875 0.71328125 0.878703703125 0.7078125 0.8694444453125 0.701822916015625 0.864814814453125 0.695572916015625 0.881018517578125 0.683072916015625 0.8768518515625 0.66875 0.880092591796875 0.668229166015625 0.883796296875 0.695833333984375 0.9430555546875 0.703125 0.9569444453125 0.70625 0.956018517578125
0 0.762760416015625 0.999537037109375 0.763541666015625 0.99537037109375 0.762239583984375 0.9875 0.75859375 0.97777777734375 0.751822916015625 0.967592591796875 0.7484375 0.968518517578125 0.74453125 0.980092591796875 0.740885416015625 0.9805555546875 0.728125 0.975462962890625 0.720572916015625 0.975462962890625 0.7125 0.978703703125 0.713020833984375 0.983796296875 0.715625 0.98657407421875 0.720833333984375 0.999537037109375 0.762760416015625 0.999537037109375
0 0.549739583984375 0.9875 0.54921875 0.984259259765625 0.546875 0.9819444453125 0.5421875 0.984259259765625 0.540104166015625 0.991203703125 0.5109375 0.984259259765625 0.502604166015625 0.978240740234375 0.498177083984375 0.972685185546875 0.49921875 0.96342592578125 0.498177083984375 0.95972222265625 0.492708333984375 0.960185185546875 0.491145833984375 0.966666666015625 0.489322916015625 0.98657407421875 0.491145833984375 0.999537037109375 0.545572916015625 0.999537037109375 0.549739583984375 0.9875
0 0.716927083984375 0.270833333984375 0.71328125 0.261111111328125 0.709114583984375 0.256481482421875 0.706510416015625 0.2555555546875 0.70546875 0.25787037109375 0.705208333984375 0.26157407421875 0.7125 0.275462962890625 0.717447916015625 0.27592592578125 0.716927083984375 0.270833333984375
0 0.699479166015625 0.238888888671875 0.70625 0.245833333984375 0.7109375 0.2430555546875 0.714583333984375 0.237962962890625 0.719791666015625 0.212962962890625 0.71875 0.197685185546875 0.708072916015625 0.18657407421875 0.702864583984375 0.18657407421875 0.6984375 0.195833333984375 0.698177083984375 0.200462962890625 0.6890625 0.216666666015625 0.683333333984375 0.233796296875 0.684114583984375 0.2444444453125 0.692447916015625 0.250462962890625 0.695572916015625 0.248611111328125 0.699479166015625 0.238888888671875
0 0.683072916015625 0.296759259765625 0.685416666015625 0.30277777734375 0.6890625 0.322685185546875 0.690625 0.32037037109375 0.691145833984375 0.30972222265625 0.697135416015625 0.304166666015625 0.699479166015625 0.308333333984375 0.703385416015625 0.310185185546875 0.704947916015625 0.307407408203125 0.704427083984375 0.303703703125 0.70078125 0.29722222265625 0.696875 0.283333333984375 0.70234375 0.27592592578125 0.707552083984375 0.2444444453125 0.703645833984375 0.238888888671875 0.695572916015625 0.233796296875 0.682421875 0.246296296875 0.677083333984375 0.2481481484375 0.677083333984375 0.253703703125 0.678125 0.254166666015625 0.68359375 0.2893518515625 0.683072916015625 0.296759259765625
0 0.72890625 0.2444444453125 0.7296875 0.240740740234375 0.728645833984375 0.231018517578125 0.730729166015625 0.20277777734375 0.73515625 0.175462962890625 0.733333333984375 0.168981482421875 0.728385416015625 0.160185185546875 0.723958333984375 0.156018517578125 0.720052083984375 0.156018517578125 0.716145833984375 0.16157407421875 0.715364583984375 0.16527777734375 0.71640625 0.166666666015625 0.713802083984375 0.175462962890625 0.709895833984375 0.175462962890625 0.705989583984375 0.178703703125 0.705729166015625 0.188888888671875 0.724479166015625 0.240740740234375 0.7265625 0.244907408203125 0.72890625 0.2444444453125
0 0.821614583984375 0.240740740234375 0.826302083984375 0.25277777734375 0.82734375 0.26157407421875 0.829166666015625 0.262037037109375 0.830729166015625 0.258333333984375 0.829947916015625 0.2375 0.824479166015625 0.225462962890625 0.810677083984375 0.239814814453125 0.8078125 0.244907408203125 0.807291666015625 0.25 0.8109375 0.251388888671875 0.816927083984375 0.2430555546875 0.821614583984375 0.240740740234375
0 0.813541666015625 0.220833333984375 0.817447916015625 0.2231481484375 0.822135416015625 0.22037037109375 0.822395833984375 0.216666666015625 0.820572916015625 0.2106481484375 0.843229166015625 0.182407408203125 0.837239583984375 0.1768518515625 0.836979166015625 0.161111111328125 0.829166666015625 0.159259259765625 0.821354166015625 0.160185185546875 0.818489583984375 0.175 0.8125 0.1819444453125 0.810677083984375 0.18842592578125 0.811979166015625 0.19537037109375 0.8125 0.21712962890625 0.813541666015625 0.220833333984375
0 0.723177083984375 0.1444444453125 0.730729166015625 0.158796296875 0.736197916015625 0.1856481484375 0.742447916015625 0.19212962890625 0.74453125 0.199537037109375 0.748177083984375 0.201388888671875 0.749739583984375 0.199537037109375 0.748177083984375 0.189814814453125 0.743489583984375 0.18287037109375 0.741666666015625 0.17037037109375 0.747135416015625 0.164814814453125 0.75 0.14722222265625 0.752604166015625 0.140740740234375 0.752864583984375 0.131018517578125 0.75 0.124537037109375 0.740625 0.119907408203125 0.737760416015625 0.1194444453125 0.734375 0.1231481484375 0.736197916015625 0.132407408203125 0.731510416015625 0.14027777734375 0.726822916015625 0.140740740234375 0.723177083984375 0.1444444453125
0 0.877864583984375 0.15787037109375 0.872916666015625 0.156481482421875 0.867447916015625 0.1518518515625 0.86640625 0.143981482421875 0.86484375 0.14212962890625 0.859114583984375 0.1430555546875 0.85546875 0.147685185546875 0.855729166015625 0.1694444453125 0.856770833984375 0.1731481484375 0.862760416015625 0.17222222265625 0.877864583984375 0.15787037109375
0 0.89765625 0.2981481484375 0.890625 0.306018517578125 0.887239583984375 0.307407408203125 0.8890625 0.3106481484375 0.89453125 0.3106481484375 0.900520833984375 0.317592591796875 0.90078125 0.3319444453125 0.902864583984375 0.331018517578125 0.90625 0.314814814453125 0.90859375 0.309259259765625 0.91015625 0.308796296875 0.91484375 0.3143518515625 0.9171875 0.314814814453125 0.921354166015625 0.3231481484375 0.924479166015625 0.32037037109375 0.925 0.317592591796875 0.923697916015625 0.31342592578125 0.915364583984375 0.30277777734375 0.916666666015625 0.29212962890625 0.9234375 0.28657407421875 0.925260416015625 0.28287037109375 0.9265625 0.268518517578125 0.930729166015625 0.252314814453125 0.928645833984375 0.2444444453125 0.92109375 0.237037037109375 0.91640625 0.237037037109375 0.913802083984375 0.241203703125 0.913541666015625 0.2444444453125 0.914583333984375 0.245833333984375 0.911979166015625 0.258796296875 0.904427083984375 0.2555555546875 0.894270833984375 0.256018517578125 0.8921875 0.258333333984375 0.886458333984375 0.2731481484375 0.8859375 0.279166666015625 0.888020833984375 0.283333333984375 0.898697916015625 0.291666666015625 0.89765625 0.2981481484375
0 0.93125 0.274537037109375 0.93046875 0.27962962890625 0.93203125 0.2819444453125 0.935677083984375 0.2819444453125 0.9421875 0.273611111328125 0.946614583984375 0.275 0.94921875 0.285185185546875 0.948958333984375 0.2930555546875 0.952864583984375 0.2944444453125 0.95390625 0.2893518515625 0.958854166015625 0.282407408203125 0.961197916015625 0.284259259765625 0.965364583984375 0.28287037109375 0.96328125 0.27222222265625 0.961197916015625 0.268981482421875 0.959895833984375 0.255092591796875 0.963541666015625 0.25092592578125 0.966145833984375 0.243981482421875 0.970833333984375 0.22407407421875 0.971354166015625 0.2106481484375 0.96484375 0.206481482421875 0.963020833984375 0.20277777734375 0.959895833984375 0.202314814453125 0.955729166015625 0.206481482421875 0.95546875 0.211111111328125 0.951822916015625 0.218518517578125 0.942447916015625 0.217592591796875 0.939583333984375 0.21527777734375 0.935677083984375 0.216203703125 0.93671875 0.228703703125 0.932291666015625 0.233796296875 0.930729166015625 0.2393518515625 0.9328125 0.24537037109375 0.942708333984375 0.25462962890625 0.942708333984375 0.26342592578125 0.93125 0.274537037109375
0 0.965885416015625 0.26157407421875 0.96640625 0.26527777734375 0.9703125 0.263888888671875 0.971875 0.2569444453125 0.98515625 0.257407408203125 0.98828125 0.26527777734375 0.991145833984375 0.26712962890625 0.992708333984375 0.265740740234375 0.991927083984375 0.25787037109375 0.9875 0.245833333984375 0.999739583984375 0.19907407421875 0.999739583984375 0.18472222265625 0.987760416015625 0.178703703125 0.98515625 0.179166666015625 0.9828125 0.18472222265625 0.983333333984375 0.190740740234375 0.9796875 0.19722222265625 0.976302083984375 0.196759259765625 0.973958333984375 0.1930555546875 0.970833333984375 0.1930555546875 0.964583333984375 0.197685185546875 0.96484375 0.202314814453125 0.970833333984375 0.2106481484375 0.97109375 0.243981482421875 0.965885416015625 0.26157407421875
0 0.80616328125 0.590740740234375 0.81015625 0.595833333984375 0.80859375 0.60972222265625 0.812239583984375 0.610185185546875 0.816927083984375 0.59722222265625 0.822395833984375 0.591666666015625 0.829166666015625 0.598611111328125 0.833854166015625 0.612037037109375 0.838541666015625 0.616203703125 0.840104166015625 0.61157407421875 0.831770833984375 0.58287037109375 0.831510416015625 0.5768518515625 0.836197916015625 0.571759259765625 0.840364583984375 0.563888888671875 0.842708333984375 0.546296296875 0.846614583984375 0.536111111328125 0.848958333984375 0.520833333984375 0.846875 0.517592591796875 0.827604166015625 0.503240740234375 0.825520833984375 0.508796296875 0.828385416015625 0.51527777734375 0.8296875 0.522685185546875 0.82734375 0.531018517578125 0.816666666015625 0.527314814453125 0.806770833984375 0.5319444453125 0.80078125 0.546296296875 0.79609375 0.553703703125 0.797135416015625 0.561111111328125 0.805208333984375 0.5680555546875 0.800520833984375 0.587962962890625 0.80616328125 0.590740740234375
0 0.865885416015625 0.56342592578125 0.86171875 0.57777777734375 0.862239583984375 0.581481482421875 0.866927083984375 0.581018517578125 0.873177083984375 0.566203703125 0.8796875 0.5625 0.884635416015625 0.568518517578125 0.890625 0.58472222265625 0.894791666015625 0.587037037109375 0.895833333984375 0.584259259765625 0.893229166015625 0.568518517578125 0.895052083984375 0.543518517578125 0.909375 0.494907408203125 0.909375 0.481018517578125 0.904427083984375 0.479166666015625 0.901302083984375 0.484259259765625 0.897135416015625 0.4856481484375 0.886979166015625 0.478240740234375 0.87578125 0.475 0.873177083984375 0.477314814453125 0.874479166015625 0.503240740234375 0.862760416015625 0.5018518515625 0.86015625 0.506481482421875 0.860677083984375 0.5305555546875 0.863541666015625 0.544907408203125 0.8609375 0.555092591796875 0.865885416015625 0.56342592578125
0 0.919791666015625 0.5143518515625 0.91640625 0.518981482421875 0.915625 0.522685185546875 0.916927083984375 0.52592592578125 0.919010416015625 0.526388888671875 0.921614583984375 0.536111111328125 0.919791666015625 0.546296296875 0.9203125 0.55 0.921354166015625 0.551388888671875 0.923958333984375 0.55 0.927864583984375 0.537037037109375 0.93671875 0.52962962890625 0.941145833984375 0.535185185546875 0.945572916015625 0.54907407421875 0.949479166015625 0.55277777734375 0.951822916015625 0.551388888671875 0.952083333984375 0.546296296875 0.94453125 0.514814814453125 0.954166666015625 0.5018518515625 0.956510416015625 0.483796296875 0.959375 0.47407407421875 0.959895833984375 0.463888888671875 0.95390625 0.4481481484375 0.949739583984375 0.447685185546875 0.94765625 0.453240740234375 0.946875 0.462962962890625 0.94296875 0.466203703125 0.940364583984375 0.472685185546875 0.935416666015625 0.47777777734375 0.927083333984375 0.472685185546875 0.91875 0.462037037109375 0.915104166015625 0.462962962890625 0.91328125 0.465740740234375 0.913020833984375 0.490740740234375 0.91484375 0.497685185546875 0.916666666015625 0.499537037109375 0.919791666015625 0.5143518515625
0 0.97578125 0.516203703125 0.973177083984375 0.527314814453125 0.9734375 0.53287037109375 0.977864583984375 0.5305555546875 0.983072916015625 0.512037037109375 0.989322916015625 0.512037037109375 0.99609375 0.522685185546875 0.998177083984375 0.530092591796875 0.999739583984375 0.530092591796875 0.999739583984375 0.447685185546875 0.994791666015625 0.449537037109375 0.992708333984375 0.458796296875 0.990885416015625 0.460185185546875 0.9796875 0.453703703125 0.97421875 0.443518517578125 0.969791666015625 0.442592591796875 0.96796875 0.445833333984375 0.966666666015625 0.462037037109375 0.963802083984375 0.464814814453125 0.965364583984375 0.4731481484375 0.970572916015625 0.48287037109375 0.964583333984375 0.508333333984375 0.97578125 0.516203703125
0 0.153385416015625 0.193518517578125 0.153125 0.20277777734375 0.150260416015625 0.212962962890625 0.14375 0.221759259765625 0.1390625 0.233796296875 0.13671875 0.2444444453125 0.136979166015625 0.253240740234375 0.140364583984375 0.2518518515625 0.144270833984375 0.242592591796875 0.1515625 0.24722222265625 0.15546875 0.258333333984375 0.158072916015625 0.2606481484375 0.159114583984375 0.258796296875 0.16015625 0.244907408203125 0.163802083984375 0.240740740234375 0.163802083984375 0.237962962890625 0.159635416015625 0.232407408203125 0.159895833984375 0.19537037109375 0.161458333984375 0.186111111328125 0.161979166015625 0.168518517578125 0.159114583984375 0.163888888671875 0.15390625 0.161111111328125 0.151822916015625 0.16342592578125 0.151041666015625 0.1694444453125 0.144270833984375 0.175 0.139583333984375 0.175462962890625 0.140885416015625 0.178703703125 0.14765625 0.181018517578125 0.15078125 0.186111111328125 0.153385416015625 0.193518517578125
0 0.136979166015625 0.173611111328125 0.138020833984375 0.129166666015625 0.134375 0.12222222265625 0.129947916015625 0.119907408203125 0.128645833984375 0.1268518515625 0.124479166015625 0.133333333984375 0.115885416015625 0.133333333984375 0.105208333984375 0.137037037109375 0.1046875 0.14027777734375 0.114583333984375 0.155092591796875 0.13046875 0.17037037109375 0.136979166015625 0.173611111328125
0 0.02421875 0.24537037109375 0.0234375 0.24907407421875 0.019010416015625 0.25277777734375 0.016927083984375 0.258333333984375 0.0265625 0.268981482421875 0.029427083984375 0.27777777734375 0.041927083984375 0.203240740234375 0.041666666015625 0.199537037109375 0.02265625 0.180092591796875 0.01796875 0.181018517578125 0.01015625 0.187962962890625 0.005729166015625 0.187962962890625 0.0140625 0.227314814453125 0.01640625 0.232407408203125 0.0203125 0.2356481484375 0.02421875 0.24537037109375
0 0.5296875 0.137037037109375 0.533072916015625 0.138888888671875 0.53984375 0.1305555546875 0.548958333984375 0.14027777734375 0.550260416015625 0.1444444453125 0.552604166015625 0.141203703125 0.55546875 0.130092591796875 0.560677083984375 0.13287037109375 0.5609375 0.126388888671875 0.553125 0.115740740234375 0.554427083984375 0.107407408203125 0.55703125 0.1055555546875 0.559375 0.098611111328125 0.559635416015625 0.0875 0.5640625 0.0606481484375 0.562760416015625 0.056481482421875 0.556510416015625 0.051388888671875 0.5515625 0.058796296875 0.54453125 0.062962962890625 0.538541666015625 0.063888888671875 0.5359375 0.067592591796875 0.53671875 0.068981482421875 0.535677083984375 0.083333333984375 0.5328125 0.0856481484375 0.531770833984375 0.090740740234375 0.53203125 0.09907407421875 0.536979166015625 0.121296296875 0.532552083984375 0.12592592578125 0.5296875 0.137037037109375
0 0.552604166015625 0.025462962890625 0.55 0.020833333984375 0.544010416015625 0.028240740234375 0.5328125 0.027314814453125 0.53359375 0.041203703125 0.536458333984375 0.043981482421875 0.55 0.04212962890625 0.552604166015625 0.025462962890625
0 0.445833333984375 0.028703703125 0.4421875 0.026388888671875 0.434114583984375 0.0305555546875 0.428385416015625 0.029166666015625 0.4265625 0.031481482421875 0.428645833984375 0.04722222265625 0.432552083984375 0.06157407421875 0.44375 0.046759259765625 0.445833333984375 0.028703703125
0 0.43671875 0.10972222265625 0.4421875 0.11527777734375 0.440625 0.125 0.435416666015625 0.14027777734375 0.435677083984375 0.145833333984375 0.4390625 0.146296296875 0.441666666015625 0.13657407421875 0.446875 0.131018517578125 0.451302083984375 0.133796296875 0.454947916015625 0.14722222265625 0.456510416015625 0.149537037109375 0.458072916015625 0.148611111328125 0.460416666015625 0.14027777734375 0.458072916015625 0.1305555546875 0.45625 0.077314814453125 0.457291666015625 0.0680555546875 0.456510416015625 0.066203703125 0.44921875 0.068981482421875 0.4453125 0.0606481484375 0.445052083984375 0.0569444453125 0.441666666015625 0.055092591796875 0.435677083984375 0.0569444453125 0.434114583984375 0.063888888671875 0.434895833984375 0.072685185546875 0.43359375 0.084259259765625 0.433854166015625 0.102314814453125 0.43671875 0.10972222265625
0 0.320572916015625 0.081018517578125 0.326041666015625 0.0893518515625 0.326302083984375 0.092592591796875 0.324479166015625 0.098611111328125 0.327604166015625 0.109259259765625 0.33359375 0.11342592578125 0.340625 0.131481482421875 0.348697916015625 0.137962962890625 0.355208333984375 0.134259259765625 0.356510416015625 0.131481482421875 0.355989583984375 0.121296296875 0.359114583984375 0.1055555546875 0.35 0.077314814453125 0.340364583984375 0.075462962890625 0.335416666015625 0.078703703125 0.327083333984375 0.07962962890625 0.320572916015625 0.07777777734375 0.320572916015625 0.081018517578125
0 0.325260416015625 0.06527777734375 0.328125 0.027314814453125 0.326302083984375 0.0194444453125 0.324479166015625 0.01712962890625 0.322135416015625 0.02222222265625 0.316666666015625 0.02777777734375 0.3046875 0.0268518515625 0.303385416015625 0.028703703125 0.30546875 0.045833333984375 0.313541666015625 0.067592591796875 0.318229166015625 0.069907408203125 0.325260416015625 0.06527777734375
0 0.370572916015625 0.19907407421875 0.37578125 0.209259259765625 0.38046875 0.207407408203125 0.384375 0.15787037109375 0.379166666015625 0.1518518515625 0.376822916015625 0.154166666015625 0.37578125 0.158796296875 0.36875 0.1625 0.362760416015625 0.162037037109375 0.356770833984375 0.1643518515625 0.356770833984375 0.170833333984375 0.366145833984375 0.196296296875 0.36796875 0.199537037109375 0.370572916015625 0.19907407421875