1 0.27734375 0.232421875 0.0361328125 0.1083984375
1 0.0615234375 0.2373046875 0.048828125 0.1396484375
1 0.4033203125 0.244140625 0.0400390625 0.09375
1 0.744140625 0.1025390625 0.0556640625 0.1318359375
1 0.302734375 0.2880859375 0.0458984375 0.15625
0 0.5478515625 0.0986328125 0.0302734375 0.09375
0 0.1474609375 0.2099609375 0.0322265625 0.1005859375
0 0.9775390625 0.2275390625 0.041015625 0.0966796875
0 0.02734375 0.4892578125 0.0517578125 0.1103515625
0 0.96875 0.90625 0.05859375 0.134765625
1 0.923828125 0.625 0.044921875 0.068359375
0 0.802734375 0.8310546875 0.0625 0.13671875
1 0.1259765625 0.5048828125 0.0498046875 0.1142578125
0 0.9775390625 0.4892578125 0.0419921875 0.0966796875
0 0.12109375 0.1474609375 0.037109375 0.0546875
1 0.646484375 0.3193359375 0.0439453125 0.095703125
1 0.5771484375 0.236328125 0.03125 0.06640625
1 0.0830078125 0.4755859375 0.056640625 0.169921875
1 0.2373046875 0.1328125 0.052734375 0.130859375
0 0.0439453125 0.8623046875 0.0625 0.1416015625
1 0.873046875 0.330078125 0.0341796875 0.046875
0 0.1201171875 0.81640625 0.0615234375 0.119140625
0 0.9462890625 0.25390625 0.0439453125 0.083984375
1 0.88671875 0.828125 0.0869140625 0.1884765625
0 0.8798828125 0.533203125 0.0498046875 0.1083984375
0 0.9326171875 0.5068359375 0.0517578125 0.1015625
0 0.736328125 0.1611328125 0.0380859375 0.0869140625
0 0.9052734375 0.2861328125 0.0478515625 0.0869140625
0 0.255859375 0.18359375 0.041015625 0.0751953125
0 0.3154296875 0.361328125 0.0400390625 0.08984375
0 0.2197265625 0.09765625 0.0205078125 0.0625
0 0.95703125 0.0361328125 0.0341796875 0.0712890625
0 0.8212890625 0.5615234375 0.0546875 0.1064453125
0 0.82421875 0.212890625 0.0361328125 0.103515625
0 0.1630859375 0.9658203125 0.05859375 0.0673828125
1 0.6533203125 0.2626953125 0.0400390625 0.0810546875
0 0.2158203125 0.423828125 0.0263671875 0.095703125
0 0.6904296875 0.9130859375 0.0498046875 0.095703125
0 0.939453125 0.048828125 0.041015625 0.0810546875
0 0.2060546875 0.90234375 0.0537109375 0.1103515625
0 0.3095703125 0.04296875 0.0341796875 0.060546875
0 0.7109375 0.2138671875 0.0380859375 0.068359375
0 0.7802734375 0.0654296875 0.0341796875 0.0625
1 0.8251953125 0.33984375 0.0322265625 0.052734375
0 0.51953125 0.978515625 0.0556640625 0.0400390625
0 0.3388671875 0.107421875 0.0400390625 0.07421875
1 0.37890625 0.9404296875 0.0625 0.119140625
0 0.86328125 0.1611328125 0.025390625 0.03515625
0 0.0390625 0.03515625 0.052734375 0.0693359375
0 0.7998046875 0.0224609375 0.03125 0.044921875
0 0.654296875 0.0634765625 0.037109375 0.048828125
0 0.4443359375 0.10546875 0.0283203125 0.080078125
0 0.4404296875 0.0546875 0.0380859375 0.0595703125
0 0.5458984375 0.0419921875 0.0302734375 0.0400390625
0 0.6318359375 0.1142578125 0.037109375 0.0576171875